0
0
0
0
0
2
2
1
0
0
1
8
2
5
6
9
11
6
11
9
10
12
17
16
20
21
25
22
14
20
24
36
32
34
40
46
33
41
41
39
46
65
40
38
52
62
65
47
60
49
65
75
65
67
87
70
88
80
98
100
89
109
114
86
105
111
125
138
121
138
127
108
136
129
131
144
149
151
143
147
162
156
161
143
190
172
163
152
153
169
168
181
171
181
160
166
189
167
176
173
167
171
158
146
168
150
168
200
188
153
168
163
166
186
148
168
154
136
157
155
141
172
137
139
145
134
142
134
137
138
114
106
121
128
125
99
105
110
106
87
87
82
89
62
85
62
89
75
61
59
61
57
52
54
53
52
35
45
44
29
46
48
45
39
28
33
21
22
22
24
29
26
22
20
10
11
13
12
12
11
14
7
7
8
3
4
4
2
2
1
3
0
0
0
1
1
0
0
0
0
0
0
0
0
0
0
0
0
0
0
0
0
0
0
0
0
0
0
0
0
0
0
0
0
0
0
0
0
0
0
0
0
0
0
0
0
0
0
0
0
0
0
0
0
0
0
0
0
0
0
0
0
0
0
0
0
