0
0
0
0
2
1
0
0
8
2
5
9
11
6
9
10
12
16
20
21
22
14
20
36
32
34
46
33
41
39
46
65
38
52
62
47
60
49
75
65
67
70
88
80
100
89
109
86
105
111
138
121
138
108
136
129
144
149
151
147
162
156
143
190
172
152
153
169
181
171
181
166
189
167
173
167
171
146
168
150
200
188
153
163
166
186
168
154
136
155
141
172
139
145
134
134
137
138
106
121
128
99
105
110
87
87
82
62
85
62
75
61
59
57
52
54
52
35
45
29
46
48
39
28
33
22
22
24
26
22
20
11
13
12
11
14
7
8
3
4
2
2
1
0
0
0
1
0
0
0
0
0
0
0
0
0
0
0
0
0
0
0
0
0
0
0
0
0
0
0
0
0
0
0
0
0
0
0
0
0
0
0
0
0
0
0
0
0
0
0
0
0
