0
180
72
72
72
36
36
36
36
36
36
36
0
36
36
36
0
36
36
0
36
0
36
36
0
36
0
36
0
36
0
36
0
36
0
36
0
36
0
36
0
36
0
36
0
36
0
0
36
0
36
0
0
36
0
36
0
32
4
0
36
0
0
36
0
36
0
0
36
0
36
0
0
36
0
0
36
0
0
36
0
36
0
0
36
0
0
36
0
0
36
0
0
36
0
32
4
0
36
0
0
36
0
0
36
0
0
36
0
0
36
0
0
36
0
0
36
0
0
36
0
0
36
0
0
36
0
0
36
0
29
7
0
36
0
0
36
0
0
36
0
0
36
0
0
36
0
0
36
0
0
36
0
34
2
0
36
0
0
36
0
0
36
0
0
36
0
36
0
0
36
0
0
36
0
36
0
0
36
0
36
0
0
36
0
36
0
0
36
0
36
0
36
0
0
36
0
36
0
36
0
36
0
36
0
36
0
36
0
36
0
36
0
36
0
36
0
36
36
0
36
36
0
36
36
0
36
36
36
36
36
35
37
36
36
36
72
72
200
1
0
0
0
0
0
0
0
0
0
0
0
0
0
0
0
0
